    1989  188.24   21.90   27.18   16.53    0.03   70.54    1.65
    1990  179.27   21.91   27.18   16.65    0.02   75.74    1.54
    1991  187.88   21.73   27.17   16.35    0.02   72.33    1.59
    1992  195.16   21.45   26.87   15.85    0.02   70.57    1.65
    1993  176.55   21.84   27.39   16.42    0.02   75.66    1.57
    1994  190.41   21.85   27.38   16.33    0.01   72.11    1.65
    1995  184.54   22.15   27.53   16.66    0.02   71.42    1.71
    1996  184.24   21.91   27.48   16.30    0.02   73.29    1.59
    1997  186.34   21.34   26.51   16.08    0.02    74.2    1.59
    1998  176.75   22.37   27.66   16.99    0.02   74.09    1.58
    1999  189.32   22.50   27.89   17.10    0.02   73.53    1.66
    2000  183.49   21.77   27.01   16.54    0.02   73.17    1.58
    2001  187.04   22.34   27.93   16.86    0.02   73.12    1.58
    2002  179.67   22.17   27.54   16.61    0.02   75.82    1.57
    2003  176.71   22.18   27.56   16.77    0.02   77.96    1.59
    2004  177.46   22.21   27.71   16.87    0.02   77.07    1.58
    2005  186.82   22.36   27.70   17.14    0.02   73.56    1.63
    2006  187.19   22.77   28.29   17.37    0.02    72.9     1.6
    2007  177.39   22.67   28.37   17.22    0.02   73.86    1.53
    2008  178.52   22.30   27.77   17.30    0.02   73.75    1.57
    2009  183.48   23.01   28.95   17.53    0.02    73.2    1.57
    2010   180.7   22.98   28.73   17.68    0.02   74.16     1.6
    2011  177.94   22.26   27.81   17.07    0.02   75.61    1.56
    2012   188.0   21.95   27.69   16.54    0.01    72.3    1.61
    2013  178.67   21.86   27.31   16.54    0.02   73.93    1.63
    2014   180.3   21.96   27.66   16.86    0.02   74.71    1.54
    2015  173.81   21.89   27.66   16.68    0.02   76.49    1.53
