    1989  191.78   25.60   30.07   21.04    0.03   73.43    1.85
    1990  184.76   25.44   29.68   21.26    0.02   79.63    1.76
    1991   193.1   25.31   29.72   21.03    0.02   76.75    1.81
    1992  210.12   25.10   29.64   20.33    0.02   73.96    1.82
    1993  180.14   25.14   29.61   20.69    0.02   79.57    1.79
    1994  203.21   25.64   30.36   21.00    0.01   74.13    1.92
    1995  190.87   25.96   30.61   21.44    0.02   74.93    2.02
    1996  193.49   25.41   29.89   20.86    0.02   75.47    1.75
    1997  192.05   25.01   29.35   20.69    0.02   76.93    1.78
    1998  175.67   25.94   30.25   21.55    0.02   79.56    1.75
    1999  186.63   25.85   30.17   21.47    0.02   77.91    1.88
    2000  181.13   25.36   29.49   21.23    0.02   78.63    1.75
    2001  192.83   25.56   29.82   21.27    0.02   76.93     1.8
    2002  180.74   25.60   29.81   21.19    0.02   79.92    1.77
    2003  183.33   25.92   30.14   21.60    0.02   79.15    1.82
    2004  181.59   25.77   30.12   21.53    0.02   79.55    1.83
    2005  196.25   25.87   30.26   21.53    0.02   75.49    1.82
    2006  193.55   25.89   30.24   21.50    0.02   76.14    1.83
    2007  181.92   26.19   30.81   21.81    0.02   75.76    1.75
    2008  180.74   25.74   29.89   21.88    0.02   77.09    1.76
    2009   192.1   26.43   31.24   21.81    0.02    75.0    1.78
    2010  180.76   26.54   31.06   22.33    0.02   78.32    1.79
    2011  179.01   25.70   29.87   21.73    0.02   78.57    1.76
    2012  191.27   25.94   30.57   21.65    0.01   74.89    1.84
    2013  178.59   25.69   30.04   21.37    0.02    76.9    1.85
    2014  184.88   25.87   30.56   21.56    0.02   75.26    1.73
    2015  175.95   25.59   30.39   21.18    0.02   79.55    1.68
