    1989  184.68   18.18   24.28   12.00     0.0   67.64    1.45
    1990  173.74   18.37   24.67   12.02     0.0   71.83    1.33
    1991  182.64   18.13   24.61   11.64     0.0   67.88    1.37
    1992   180.2   17.80   24.10   11.37     0.0   67.19    1.48
    1993  172.95   18.52   25.16   12.12     0.0   71.73    1.34
    1994  177.54   18.05   24.38   11.64     0.0   70.09    1.38
    1995  178.18   18.32   24.43   11.85     0.0   67.89    1.41
    1996  174.98   18.41   25.07   11.73     0.0   71.12    1.42
    1997   180.6   17.65   23.65   11.43     0.0   71.46     1.4
    1998  177.84   18.78   25.06   12.40     0.0    68.6    1.41
    1999  192.03   19.14   25.59   12.70     0.0   69.12    1.43
    2000  185.86   18.19   24.53   11.85     0.0   67.71     1.4
    2001  181.21   19.10   26.03   12.42     0.0   69.29    1.36
    2002   178.6   18.71   25.27   12.00     0.0    71.7    1.36
    2003  170.05   18.41   24.96   11.91     0.0   76.76    1.35
    2004  173.32   18.64   25.31   12.20     0.0   74.58    1.34
    2005  177.33   18.84   25.13   12.73     0.0   71.63    1.43
    2006  180.79   19.64   26.32   13.23     0.0   69.65    1.36
    2007  172.85   19.13   25.91   12.61     0.0   71.95    1.31
    2008   176.3   18.87   25.65   12.72     0.0   70.41    1.37
    2009  174.81   19.56   26.64   13.22     0.0   71.38    1.37
    2010  180.65   19.40   26.39   13.02     0.0   69.97    1.41
    2011  176.87   18.79   25.73   12.37     0.0   72.64    1.36
    2012  184.73   17.96   24.81   11.44     0.0    69.7    1.37
    2013  178.75   18.00   24.56   11.69     0.0   70.95    1.41
    2014   175.7   18.03   24.74   12.13     0.0   74.16    1.35
    2015  171.65   18.17   24.92   12.15     0.0   73.41    1.38
