    1989  195.15   15.16   19.95    9.66    0.02   75.54    1.02
    1990  186.32   15.12   19.98    9.60    0.02   79.79    0.97
    1991  194.63   14.90   19.81    9.09    0.02   77.51    0.99
    1992  199.06   14.60   19.61    8.73    0.02   75.64    1.02
    1993  183.65   15.01   20.14    9.28    0.02   79.69    0.98
    1994  196.43   15.05   20.15    9.25    0.02    77.6    1.02
    1995  190.95   15.36   20.31    9.60    0.02   76.82    1.01
    1996  191.19   15.21   20.25    9.40    0.02   78.15    1.01
    1997  193.37   14.41   19.04    8.98    0.02    78.8     1.0
    1998  183.73   15.75   20.65   10.17    0.02    78.5    0.98
    1999  194.68   15.70   20.53   10.05    0.02   75.85     1.0
    2000  189.39   15.09   19.94    9.66    0.02   77.75    0.99
    2001  192.99   15.49   20.59    9.75    0.02    77.6    0.99
    2002  188.04   15.32   20.28    9.57    0.02   78.67    0.99
    2003  185.77   15.44   20.31    9.76    0.02   80.12    0.99
    2004  184.74   15.45   20.47    9.85    0.02   79.67    0.99
    2005   195.8   15.66   20.41   10.15    0.02   77.33    1.01
    2006  191.65   16.13   21.16   10.52    0.02    77.2    1.01
    2007  182.98   16.05   21.26   10.34    0.02   78.82    0.98
    2008  186.21   15.56   20.49   10.26    0.02   78.82     1.0
    2009  189.79   16.32   21.67   10.45    0.02   77.89    1.02
    2010  186.86   16.28   21.49   10.66    0.02   77.99    1.01
    2011  184.39   15.52   20.63   10.14    0.02    79.2     1.0
    2012  194.69   15.35   20.57    9.66    0.02   77.19    1.03
    2013  184.22   15.31   20.25    9.76    0.02   76.89    0.99
    2014  187.24   15.20   20.30    9.82    0.02   78.23    1.03
    2015  184.28   15.01   20.24    9.50    0.02   79.86    0.99
