    1989  198.92   19.01   23.28   14.32    0.02   77.56    0.99
    1990   190.3   18.72   22.84   14.45    0.02    83.5    0.93
    1991  200.27   18.65   22.80   14.08    0.02   81.75    0.94
    1992   213.0   18.40   22.74   13.40    0.02   78.32    0.99
    1993  187.12   18.41   22.71   13.70    0.02   83.33    0.93
    1994  208.04   18.98   23.61   14.08    0.02   79.85    0.97
    1995  197.76   19.21   23.80   14.48    0.02   79.99    0.99
    1996  203.14   18.73   23.08   14.11    0.02   80.17    0.96
    1997  201.12   18.18   22.31   13.78    0.02   81.77    0.95
    1998  182.03   19.36   23.58   14.79    0.02   83.35    0.94
    1999  190.64   19.20   23.36   14.66    0.02    81.9    0.93
    2000  186.76   18.76   22.81   14.55    0.02   81.78    0.94
    2001  198.06   18.83   22.96   14.37    0.02   80.99    0.94
    2002  189.93   18.91   23.05   14.37    0.02   82.56    0.93
    2003  191.83   19.17   23.23   14.67    0.02   82.72    0.95
    2004   186.5   19.08   23.33   14.71    0.02   83.66    0.94
    2005  205.44   19.24   23.36   14.63    0.02   80.44    0.97
    2006  195.69   19.33   23.57   14.83    0.02    80.7    0.96
    2007  185.86   19.64   24.15   15.09    0.02    81.6    0.94
    2008  186.89   19.11   23.08   15.06    0.02   82.09    0.96
    2009  196.32   19.84   24.43   14.91    0.02   79.98    0.97
    2010  185.93   19.99   24.34   15.53    0.02    82.1    0.96
    2011  182.46   19.11   23.17   15.03    0.02   82.54    0.94
    2012  196.63   19.43   23.87   14.88    0.02   80.54    0.99
    2013  181.09   19.21   23.37   14.72    0.02   81.29    0.93
    2014  188.64   19.16   23.54   14.73    0.02   80.83    0.99
    2015  186.79   18.96   23.43   14.22    0.02   83.81    0.94
