    1989  191.37   11.30   16.60    4.97     0.0   73.51    1.05
    1990  182.33   11.50   17.10    4.72     0.0   76.05    1.02
    1991  188.96   11.13   16.81    4.08     0.0   73.25    1.05
    1992  185.13   10.80   16.47    4.07     0.0   72.96    1.06
    1993  180.17   11.59   17.55    4.84     0.0   76.04    1.04
    1994  184.77   11.10   16.68    4.39     0.0   75.34    1.07
    1995  184.11   11.48   16.80    4.68     0.0   73.63    1.04
    1996  179.24   11.70   17.42    4.69     0.0   76.14    1.06
    1997  185.58   10.61   15.75    4.16     0.0   75.82    1.05
    1998  185.43   12.13   17.71    5.52     0.0   73.62    1.03
    1999  198.75   12.17   17.68    5.41     0.0   69.76    1.08
    2000  192.03   11.42   17.06    4.76     0.0   73.73    1.04
    2001   187.9   12.14   18.20    5.11     0.0   74.19    1.05
    2002  186.14   11.72   17.49    4.75     0.0   74.75    1.04
    2003  179.67   11.69   17.37    4.83     0.0   77.51    1.03
    2004  182.97   11.83   17.61    4.98     0.0   75.67    1.05
    2005   186.1   12.06   17.45    5.64     0.0    74.2    1.05
    2006  187.59   12.91   18.72    6.19     0.0   73.69    1.07
    2007  180.09   12.44   18.35    5.57     0.0   76.03    1.01
    2008  185.54   12.02   17.90    5.45     0.0   75.55    1.04
    2009  183.23   12.78   18.90    5.96     0.0   75.79    1.07
    2010  187.79   12.55   18.63    5.76     0.0   73.86    1.06
    2011  186.33   11.91   18.08    5.21     0.0   75.85    1.05
    2012  192.75   11.28   17.27    4.43     0.0   73.83    1.07
    2013  187.36   11.38   17.10    4.77     0.0   72.46    1.04
    2014  185.84   11.22   17.05    4.89     0.0   75.61    1.07
    2015  181.74   11.04   17.03    4.75     0.0   75.89    1.05
