    1989  186.21   21.07   26.20   16.12    0.03   73.34    1.54
    1990  177.22   21.07   26.16   16.24    0.03   78.47    1.44
    1991  184.94   20.87   26.18   15.91    0.03   75.35    1.48
    1992  194.17   20.60   25.90   15.42    0.02   73.73    1.54
    1993  175.59   20.98   26.35   15.95    0.02   78.29    1.46
    1994  188.74   21.00   26.42   15.93    0.02   75.35    1.55
    1995  181.38   21.28   26.54   16.21    0.03   74.48     1.6
    1996   182.1   21.11   26.57   15.94    0.03   76.39    1.47
    1997  184.35   20.46   25.47   15.61    0.02   77.06    1.47
    1998  176.38   21.54   26.69   16.56    0.03   76.29    1.47
    1999  187.53   21.69   26.92   16.70    0.03   75.72    1.54
    2000   183.1   20.93   26.03   16.11    0.03   75.21    1.47
    2001   186.2   21.55   26.98   16.54    0.03   75.24    1.48
    2002  178.61   21.32   26.50   16.28    0.02   77.92    1.47
    2003  174.95   21.32   26.45   16.39    0.03   80.11    1.48
    2004  176.57   21.42   26.66   16.56    0.02   79.14    1.48
    2005  184.89   21.61   26.76   16.81    0.02   76.23    1.53
    2006  186.28   22.08   27.46   17.12    0.02   75.51    1.49
    2007  176.93   21.91   27.35   16.88    0.03   76.12    1.43
    2008  176.19   21.61   26.83   17.05    0.03   76.42    1.47
    2009  180.31   22.23   28.00   17.17    0.02   75.89    1.47
    2010  178.25   22.23   27.76   17.40    0.03   76.82    1.48
    2011  176.14   21.50   26.89   16.75    0.03   77.83    1.46
    2012  185.18   21.13   26.69   16.15    0.02   75.04    1.49
    2013  177.35   21.07   26.36   16.16    0.03   76.02     1.5
    2014  180.04   21.12   26.66   16.34    0.02   76.74    1.45
    2015  173.61   21.01   26.55   16.20    0.02   79.19    1.43
