    1989  188.71   24.57   28.87   20.37    0.03   76.16    1.74
    1990  180.59   24.39   28.41   20.58    0.03   83.06    1.62
    1991  188.97   24.23   28.45   20.30    0.03    80.4    1.68
    1992  207.94   24.05   28.43   19.65    0.02   77.46     1.7
    1993  177.92   24.03   28.32   19.92    0.02   82.29    1.67
    1994  201.14   24.57   29.12   20.30    0.02   77.54     1.8
    1995   185.4   24.84   29.33   20.67    0.03    78.0    1.89
    1996  190.54   24.39   28.72   20.21    0.03   78.67    1.64
    1997  189.26   23.91   28.05   19.94    0.02   80.38    1.65
    1998  173.22   24.85   28.98   20.79    0.03   82.29    1.62
    1999  182.38   24.80   28.91   20.78    0.03   81.24    1.74
    2000  179.55   24.29   28.27   20.52    0.03    81.3    1.63
    2001  192.29   24.59   28.66   20.67    0.03   79.27     1.7
    2002  178.55   24.45   28.46   20.45    0.02   82.54    1.67
    2003  180.82   24.77   28.74   20.85    0.03   82.11    1.69
    2004  179.17   24.74   28.80   20.91    0.02   82.37    1.71
    2005  194.04   24.87   29.03   20.89    0.02    78.8     1.7
    2006  193.55   25.03   29.19   21.01    0.02   79.26    1.71
    2007  180.76   25.24   29.57   21.24    0.03    79.4    1.62
    2008  177.51   24.89   28.79   21.37    0.03   80.33    1.65
    2009  187.44   25.42   30.01   21.14    0.02   78.35    1.64
    2010   177.6   25.60   29.87   21.78    0.03   81.67    1.62
    2011  176.95   24.74   28.73   21.13    0.03   81.16    1.65
    2012  186.46   24.86   29.25   20.92    0.02   78.34    1.71
    2013   176.1   24.67   28.83   20.69    0.03   79.64    1.71
    2014  184.66   24.82   29.34   20.82    0.02   78.27    1.64
    2015  174.04   24.51   29.07   20.46    0.02   82.67    1.57
