    1989  183.69   17.55   23.53   11.84     0.0   70.51    1.33
    1990  173.82   17.73   23.90   11.88     0.0   73.85    1.26
    1991  180.87   17.50   23.90   11.51     0.0   70.26    1.29
    1992   180.4   17.15   23.36   11.20     0.0   69.99    1.38
    1993  173.25   17.91   24.37   11.95     0.0   74.27    1.25
    1994  176.29   17.40   23.70   11.53     0.0   73.15     1.3
    1995  177.34   17.71   23.73   11.72     0.0   70.94    1.31
    1996  173.66   17.82   24.42   11.66     0.0   74.12    1.31
    1997  179.41   16.98   22.88   11.27     0.0   73.73    1.29
    1998  179.55   18.21   24.39   12.30     0.0   70.25    1.31
    1999  192.71   18.56   24.92   12.60     0.0   70.18    1.33
    2000  186.66   17.57   23.78   11.69     0.0   69.12    1.32
    2001  180.08   18.50   25.29   12.39     0.0   71.18    1.26
    2002  178.67   18.17   24.52   12.09     0.0   73.27    1.27
    2003  169.06   17.85   24.14   11.90     0.0   78.09    1.26
    2004  173.97   18.11   24.53   12.21     0.0   75.92    1.25
    2005   175.7   18.34   24.49   12.70     0.0   73.65    1.35
    2006  178.97   19.12   25.72   13.21     0.0   71.74    1.27
    2007  173.07   18.55   25.11   12.51     0.0   72.82    1.23
    2008  174.86   18.33   24.87   12.73     0.0   72.52    1.29
    2009  173.13   19.03   25.98   13.17     0.0   73.42     1.3
    2010   178.9   18.83   25.65   12.99     0.0   71.94    1.33
    2011  175.32   18.24   25.04   12.34     0.0   74.49    1.28
    2012   183.9   17.40   24.13   11.37     0.0   71.74    1.28
    2013   178.6   17.45   23.87   11.60     0.0   72.38     1.3
    2014   175.4   17.41   23.98   11.85     0.0    75.2    1.26
    2015  173.17   17.48   24.03   11.93     0.0   75.69    1.29
