    1989  199.13   22.38   28.50   16.52    0.02   73.07    1.32
    1990  186.74   22.35   28.55   16.53    0.03   77.39    1.24
    1991  194.99   22.27   28.54   16.29    0.02   74.59    1.27
    1992  197.67   22.05   28.42   16.08    0.02   73.77    1.34
    1993  185.51   22.53   28.89   16.54    0.02    77.8    1.28
    1994  200.59   22.75   28.99   16.61    0.02   74.47    1.26
    1995  193.71   22.83   28.91   16.67    0.03   75.47    1.29
    1996  189.04   22.75   29.05   16.68    0.03   76.86    1.28
    1997  193.29   21.88   27.71   16.03    0.02   77.54    1.27
    1998  184.45   22.98   29.09   17.02    0.03   79.58    1.25
    1999  194.82   23.19   29.19   17.22    0.03   75.88    1.27
    2000  185.88   22.83   28.96   17.14    0.03   78.12    1.25
    2001  190.77   23.08   29.36   17.06    0.03   77.95    1.22
    2002  184.55   23.09   29.24   17.04    0.02   78.79    1.23
    2003  189.57   22.98   29.15   17.01    0.03    78.9    1.26
    2004  189.59   23.24   29.47   17.31    0.02   78.78    1.27
    2005  198.26   23.06   29.19   17.31    0.02   74.59    1.29
    2006  195.04   23.53   29.79   17.70    0.02   76.52    1.26
    2007  181.34   23.26   29.57   17.24    0.03   78.95    1.22
    2008  186.49   22.99   29.18   17.38    0.02   77.04    1.27
    2009  199.86   23.68   30.26   17.64    0.02   74.15     1.3
    2010  193.63   23.69   30.15   17.84    0.03   76.07     1.3
    2011   185.9   22.96   29.21   17.24    0.02   77.96    1.26
    2012  200.65   22.97   29.35   17.00    0.02   74.35    1.31
    2013  181.11   22.80   28.90   16.92    0.03   77.89    1.29
    2014  190.39   22.71   29.10   17.12    0.02   77.29    1.27
    2015   185.0   22.71   29.22   17.08    0.02   78.86    1.24
