    1989  209.44   26.64   32.10   21.43    0.02   73.75    1.41
    1990  195.27   26.39   31.66   21.54    0.03   79.75    1.31
    1991  205.56   26.51   31.93   21.55    0.02   77.06    1.32
    1992  218.83   26.20   31.75   20.88    0.02   73.44    1.41
    1993  193.86   26.39   31.91   21.34    0.02   80.64    1.36
    1994  214.42   26.90   32.51   21.52    0.02   75.23    1.31
    1995  204.65   27.21   32.76   21.91    0.03   75.71    1.38
    1996  201.58   26.66   32.09   21.50    0.03   75.62    1.34
    1997  204.27   26.19   31.36   21.16    0.02   79.21    1.29
    1998  191.89   27.13   32.45   22.02    0.03   81.53    1.33
    1999  199.91   26.95   32.15   21.88    0.03   78.94    1.29
    2000  189.42   26.89   32.05   22.20    0.03   81.08     1.3
    2001  198.71   26.77   32.01   21.77    0.03   80.01    1.23
    2002  188.42   27.19   32.44   22.14    0.02    82.1    1.27
    2003  202.38   27.15   32.41   22.19    0.03   78.84    1.34
    2004  202.32   27.30   32.74   22.44    0.02   81.26    1.34
    2005  215.03   27.07   32.43   22.03    0.02   74.67    1.37
    2006  204.83   27.04   32.42   22.10    0.02   78.54    1.33
    2007  189.22   27.29   32.80   22.25    0.03   79.61    1.29
    2008  195.15   26.59   31.74   21.97    0.02   78.48    1.34
    2009  210.77   27.52   33.26   22.21    0.02   74.52    1.36
    2010  202.27   27.93   33.45   22.98    0.03   76.37    1.38
    2011  195.43   26.74   31.89   22.07    0.02   78.98    1.35
    2012  209.55   27.53   33.09   22.51    0.02   74.84    1.39
    2013  189.62   27.14   32.42   22.17    0.03   78.54    1.36
    2014  205.31   27.04   32.41   22.16    0.02    75.2    1.34
    2015  200.31   27.01   32.56   22.04    0.02   79.17    1.26
