    1989  188.76   18.10   24.88   11.59     0.0   72.39    1.23
    1990  178.16   18.29   25.41   11.48     0.0   75.02    1.17
    1991  184.36   18.00   25.14   10.99     0.0   72.11    1.22
    1992  176.52   17.90   25.08   11.28     0.0    74.1    1.27
    1993  177.12   18.65   25.86   11.73     0.0   74.95     1.2
    1994  186.68   18.57   25.46   11.68     0.0   73.71    1.21
    1995   182.7   18.43   25.03   11.39     0.0   75.22     1.2
    1996  176.51   18.85   26.00   11.85     0.0   78.11    1.21
    1997  182.25   17.55   24.04   10.87     0.0   75.87    1.24
    1998  176.98   18.79   25.72   12.00     0.0   77.62    1.17
    1999   189.7   19.42   26.20   12.53     0.0   72.82    1.25
    2000  182.34   18.78   25.87   12.08     0.0   75.17    1.21
    2001  182.78   19.36   26.70   12.32     0.0   75.88     1.2
    2002  180.66   18.96   26.02   11.90     0.0   75.47     1.2
    2003  176.69   18.79   25.87   11.81     0.0   78.96    1.17
    2004  176.86   19.18   26.20   12.19     0.0    76.3     1.2
    2005   181.4   19.03   25.94   12.56     0.0   74.52    1.22
    2006  185.19   20.00   27.14   13.28     0.0    74.5     1.2
    2007  173.42   19.20   26.33   12.19     0.0   78.29    1.15
    2008  177.83   19.39   26.62   12.78     0.0   75.59    1.19
    2009  188.89   19.81   27.25   13.04     0.0   73.77    1.24
    2010  184.94   19.42   26.84   12.66     0.0   75.77    1.23
    2011  176.32   19.15   26.51   12.38     0.0   76.93    1.18
    2012  191.75   18.40   25.61   11.48     0.0   73.87    1.23
    2013  172.56   18.43   25.36   11.65     0.0   77.23    1.22
    2014  175.38   18.36   25.76   12.05     0.0   79.39     1.2
    2015   169.6   18.39   25.86   12.09     0.0   78.54    1.21
