    1989  205.64    8.21   14.44    1.03    0.02   73.65    1.02
    1990  197.36    8.24   14.60    1.00    0.03   76.11    0.98
    1991  202.94    8.12   14.49    0.66    0.02   75.47    1.01
    1992  207.17    7.82   14.35    0.40    0.02   75.13    1.01
    1993  196.02    8.23   14.77    0.81    0.02   78.16    0.97
    1994   205.7    8.38   14.85    0.85    0.02   75.92    1.01
    1995  200.69    8.55   14.83    1.00    0.03   74.66    1.03
    1996  198.59    8.49   15.01    1.08    0.03   75.18    1.01
    1997  203.92    7.60   13.53    0.33    0.02   75.78    1.01
    1998  197.33    8.90   15.26    1.63    0.03   76.05    0.99
    1999  203.24    9.04   15.26    1.66    0.03   74.79    1.02
    2000   196.0    8.38   14.64    1.21    0.03   77.64     1.0
    2001  201.06    8.77   15.24    1.34    0.03    77.2     1.0
    2002  198.68    8.80   15.11    1.31    0.03   75.77    1.01
    2003  203.47    8.77   15.23    1.51    0.03   75.25     1.0
    2004  198.05    8.89   15.32    1.60    0.03    77.1     1.0
    2005  205.23    8.87   15.06    1.67    0.02   74.05    1.02
    2006  200.47    9.27   15.78    2.06    0.02    75.2     1.0
    2007  193.35    9.01   15.48    1.49    0.02    76.1    0.99
    2008  196.42    8.67   15.07    1.69    0.03   75.88    0.99
    2009  206.28    9.53   16.35    2.03    0.02   73.87    1.03
    2010  200.09    9.52   16.14    2.17    0.03   75.06    1.02
    2011  195.07    8.69   15.19    1.60    0.03   76.46     1.0
    2012   204.3    8.61   15.18    1.20    0.03   74.14    1.02
    2013  191.54    8.48   14.78    1.18    0.03   74.49     1.0
    2014  201.47    8.51   15.19    1.55    0.02   73.42    1.05
    2015  199.21    8.52   15.42    1.43    0.02   74.97    1.03
