    1989  215.72   13.25   18.82    6.89    0.02   79.46    0.98
    1990  205.19   12.98   18.32    6.92    0.03    82.6    0.94
    1991  212.93   13.09   18.56    6.87    0.02   81.35    0.97
    1992   226.2   12.78   18.40    6.14    0.02   79.58    0.97
    1993  206.23   12.92   18.54    6.63    0.02   83.29    0.93
    1994  216.31   13.40   19.24    6.78    0.02   81.18    0.97
    1995   211.5   13.80   19.46    7.22    0.03   80.77    0.98
    1996  210.43   13.10   18.75    6.83    0.03   80.83    0.96
    1997   217.6   12.75   18.00    6.51    0.02   81.67    0.96
    1998  204.42   13.83   19.38    7.59    0.03   83.04    0.94
    1999   209.1   13.63   19.00    7.35    0.03   82.34    0.96
    2000  201.94   13.25   18.47    7.33    0.03   83.58    0.93
    2001  209.78   13.20   18.51    6.98    0.03   82.88    0.95
    2002  203.35   13.67   19.00    7.39    0.03   83.24    0.96
    2003  211.85   13.63   19.08    7.58    0.03   81.29    0.95
    2004  202.99   13.76   19.31    7.74    0.03   84.54    0.96
    2005  219.15   13.54   18.88    7.21    0.02   80.02    0.99
    2006  205.23   13.53   19.12    7.44    0.02   82.02    0.95
    2007  197.68   13.76   19.41    7.43    0.02   82.21    0.94
    2008  200.44   13.00   18.35    7.31    0.03   81.46    0.95
    2009  217.27   14.11   20.01    7.50    0.02   79.84     1.0
    2010   204.2   14.51   20.20    8.36    0.03   81.87    0.96
    2011  197.84   13.23   18.52    7.42    0.03    82.9    0.94
    2012  211.47   13.95   19.63    7.67    0.03   80.79    0.97
    2013  194.38   13.54   18.84    7.27    0.03   82.54    0.93
    2014  211.42   13.49   19.04    7.42    0.02   80.74    0.98
    2015  211.46   13.57   19.42    7.28    0.02   82.01    0.96
