    1989  195.52    3.14   10.04   -4.87     0.0   67.81    1.06
    1990  189.48    3.47   10.86   -4.94     0.0   69.58    1.02
    1991  192.89    3.12   10.40   -5.59     0.0   69.55    1.05
    1992  188.14    2.85   10.30   -5.35     0.0   70.67    1.04
    1993  185.76    3.52   10.98   -5.04     0.0    73.0    1.01
    1994  195.03    3.34   10.44   -5.11     0.0   70.64    1.05
    1995  189.82    3.27   10.17   -5.25     0.0   68.53    1.08
    1996  186.74    3.88   11.27   -4.67     0.0   69.54    1.06
    1997  190.17    2.42    9.04   -5.89    0.01   69.86    1.06
    1998   190.2    3.95   11.13   -4.37     0.0   69.02    1.05
    1999  197.36    4.43   11.49   -4.06     0.0    67.2    1.09
    2000  190.06    3.51   10.82   -4.92     0.0   71.69    1.06
    2001  192.29    4.32   11.95   -4.32     0.0   71.48    1.04
    2002  193.99    3.91   11.20   -4.80     0.0   68.27    1.07
    2003  195.04    3.89   11.36   -4.60     0.0   69.19    1.06
    2004   193.1    4.01   11.33   -4.54     0.0   69.67    1.04
    2005  191.23    4.17   11.22   -3.91     0.0   68.04    1.06
    2006  195.68    4.99   12.41   -3.35     0.0   68.35    1.05
    2007  188.99    4.23   11.53   -4.49     0.0   69.96    1.03
    2008  192.39    4.35   11.80   -3.93     0.0   70.29    1.03
    2009  195.22    4.93   12.68   -3.47     0.0   67.87    1.06
    2010  195.95    4.51   12.06   -4.05     0.0   68.21    1.07
    2011  192.29    4.12   11.83   -4.25     0.0   69.99    1.05
    2012  197.13    3.28   10.74   -5.28     0.0   67.49    1.07
    2013   188.7    3.40   10.69   -4.94     0.0    66.4    1.07
    2014  191.48    3.51   11.31   -4.36     0.0   66.05    1.12
    2015  186.89    3.45   11.39   -4.46     0.0    67.9     1.1
