    1989  212.55   25.18   31.68   19.27    0.02   65.53    2.46
    1990  200.27   25.20   31.71   19.35    0.02   69.88    2.25
    1991  210.18   25.17   31.79   19.22    0.01   67.48    2.24
    1992  214.94   25.02   31.61   18.99    0.01   66.42    2.49
    1993  204.23   25.39   32.01   19.38    0.02   69.57    2.34
    1994  215.82   25.40   31.88   19.27    0.01   67.13    2.26
    1995   208.5   25.57   31.95   19.41    0.02   68.72    2.37
    1996  202.84   25.57   32.22   19.56    0.02   69.62    2.32
    1997  204.15   24.67   30.91   18.85    0.01    70.4    2.18
    1998  197.26   25.78   32.24   19.85    0.02   73.29    2.27
    1999  209.26   25.90   32.28   19.98    0.02   69.84    2.31
    2000  204.42   25.69   32.07   19.92    0.01   71.58    2.26
    2001  204.28   25.86   32.42   19.85    0.02   72.22    2.09
    2002  204.76   26.02   32.49   20.00    0.01   72.22    2.28
    2003   201.8   25.82   32.37   19.85    0.02   73.05    2.24
    2004  209.25   26.02   32.62   20.05    0.01   72.13     2.3
    2005  210.58   25.83   32.35   20.04    0.02   68.05    2.31
    2006  210.39   26.24   32.68   20.34    0.01   69.96    2.25
    2007  195.05   25.96   32.54   19.98    0.02   72.96    2.18
    2008   198.3   25.69   32.20   20.01    0.02   72.02    2.13
    2009  213.47   26.46   33.21   20.38    0.02   66.64    2.39
    2010  206.15   26.53   33.23   20.66    0.02   69.56    2.39
    2011  203.84   25.75   32.25   19.98    0.02   72.39    2.26
    2012  213.59   25.74   32.36   19.79    0.01   66.83    2.35
    2013  195.96   25.60   32.01   19.69    0.02   73.22     2.4
    2014  204.53   25.50   32.18   19.75    0.01   72.17    2.29
    2015  202.01   25.52   32.22   19.72    0.01   72.06    2.17
