    1989  223.84   29.70   35.37   24.32    0.02   65.35    2.98
    1990  209.89   29.47   34.87   24.39    0.02   71.73    2.72
    1991  222.22   29.66   35.28   24.53    0.01   69.12    2.65
    1992  236.84   29.45   35.13   24.03    0.01   64.88    2.89
    1993  216.08   29.64   35.32   24.45    0.02   71.89    2.85
    1994  231.38   29.68   35.29   24.17    0.01   66.96    2.65
    1995  222.57   30.25   35.84   24.79    0.02   66.18    2.85
    1996  213.56   29.84   35.42   24.55    0.02   67.63    2.57
    1997  215.35   29.24   34.57   24.05    0.01   70.13    2.43
    1998  207.64   30.27   35.72   25.03    0.02   72.84    2.71
    1999  219.97   30.03   35.43   24.85    0.02   71.71    2.57
    2000  209.65   29.99   35.25   25.04    0.01   73.63    2.69
    2001  213.36   29.82   35.24   24.64    0.02   73.67     2.4
    2002  215.64   30.42   35.82   25.20    0.01   73.43    2.72
    2003  214.63   30.31   35.78   25.12    0.02   71.22    2.69
    2004  226.77   30.33   35.89   25.19    0.01   72.95    2.82
    2005  229.94   30.11   35.72   24.94    0.02   66.02    2.64
    2006  223.17   30.02   35.44   24.87    0.01   71.35    2.61
    2007  209.66   30.31   35.87   25.12    0.02   71.73    2.56
    2008  206.89   29.47   34.89   24.68    0.02   73.47    2.52
    2009  229.68   30.63   36.39   25.16    0.02   66.06    2.67
    2010  218.74   31.08   36.66   25.97    0.02   67.91     2.8
    2011  215.32   29.80   35.10   24.94    0.02   72.54     2.7
    2012  227.35   30.58   36.19   25.34    0.01   65.31    2.76
    2013  208.53   30.16   35.57   25.00    0.02   71.51    2.86
    2014  225.27   30.12   35.68   24.96    0.01   66.91    2.69
    2015  221.87   30.07   35.67   24.77    0.01   69.46    2.52
