    1989  201.19   20.63   27.98   14.19     0.0   65.71    1.94
    1990   190.6   20.92   28.53   14.27     0.0   68.02    1.78
    1991  198.08   20.65   28.27   13.87     0.0   65.84    1.82
    1992  193.05   20.58   28.10   13.96     0.0   67.97    2.09
    1993  192.31   21.11   28.68   14.28     0.0   67.24    1.83
    1994  200.18   21.08   28.46   14.34     0.0    67.3    1.86
    1995  194.35   20.86   28.04   14.01     0.0   71.27    1.89
    1996  192.13   21.31   29.03   14.57     0.0   71.61    2.06
    1997  192.88   20.08   27.22   13.63     0.0   70.67    1.93
    1998  186.83   21.27   28.74   14.65     0.0   73.74    1.84
    1999   198.5   21.75   29.11   15.08     0.0   67.96    2.04
    2000  199.18   21.39   28.88   14.81     0.0   69.53    1.82
    2001  195.14   21.87   29.59   15.04     0.0   70.76    1.77
    2002  193.82   21.59   29.15   14.77     0.0    71.0    1.84
    2003   188.9   21.30   28.95   14.55     0.0   74.88    1.78
    2004  191.73   21.71   29.35   14.91     0.0   71.31    1.78
    2005  191.11   21.53   28.97   15.11     0.0    70.1    1.98
    2006  197.53   22.43   29.91   15.79     0.0   68.57    1.88
    2007  180.35   21.58   29.19   14.81     0.0    74.2     1.8
    2008  189.72   21.92   29.51   15.35     0.0   70.56    1.74
    2009  197.17   22.27   30.01   15.57     0.0   67.22    2.11
    2010  193.49   21.96   29.79   15.33     0.0   71.23    1.98
    2011  192.29   21.66   29.38   15.00     0.0   72.23    1.82
    2012  199.83   20.90   28.53   14.25     0.0   68.36    1.95
    2013  183.33   21.02   28.43   14.35     0.0   74.93    1.94
    2014  183.67   20.85   28.66   14.51     0.0   77.46    1.89
    2015  182.05   20.93   28.76   14.64     0.0   74.68    1.82
