    1989  248.24   16.36   22.16   10.53    2.21   68.23     2.1
    1990  239.16   16.17   21.72   10.65    2.36   71.61    1.93
    1991  246.34   16.25   21.98   10.61    1.97   69.61    1.99
    1992  254.35   15.97   21.82   10.08    1.72    66.9    2.03
    1993  242.01   16.18   21.96   10.47     2.1   71.41     2.0
    1994  247.71   16.49   22.38   10.58    1.85   69.05    1.96
    1995  246.58   16.88   22.67   10.99    2.15   69.84    2.03
    1996  240.78   16.39   22.09   10.65    2.25   70.89    1.91
    1997  244.27   15.82   21.34   10.17    2.04   71.66    1.86
    1998  235.98   16.95   22.66   11.26    2.39   72.93     1.9
    1999  242.05   16.79   22.47   11.18    2.26   71.36    1.93
    2000  234.62   16.55   22.03   11.12    2.35   74.26    1.88
    2001  240.43   16.51   22.11   10.94    2.17   73.36    1.85
    2002  240.64   16.81   22.40   11.12    1.95   72.59    1.95
    2003  238.81   16.80   22.41   11.20    2.27   71.46    1.94
    2004  244.11   16.90   22.63   11.28    1.99   72.45    2.03
    2005  249.59   16.73   22.39   11.07    1.87   68.84     2.0
    2006  243.18   16.76   22.39   11.17    1.77   71.84    1.91
    2007  234.38   17.09   22.88   11.40    2.35   71.61    1.88
    2008  231.37   16.35   21.90   11.13    2.28    73.0    1.85
    2009  251.27   17.26   23.26   11.33     1.8   66.88    2.04
    2010   237.9   17.63   23.43   12.07     2.1    69.4    2.04
    2011  233.47   16.55   22.06   11.23    2.23    73.1    1.88
    2012  244.71   17.17   23.01   11.52    1.88   69.22    1.99
    2013  233.54   16.80   22.39   11.21    2.17   72.19    1.94
    2014  246.23   16.73   22.51   11.23    1.83   69.26    1.98
    2015   245.6   16.69   22.51   11.04    1.66   70.55     1.9
