    1989  202.55   12.98   18.35    6.88    0.02   66.46    1.09
    1990  190.46   13.44   18.77    7.56    0.02   70.82    1.06
    1991  196.28   13.32   18.69    7.21    0.02   69.34    1.06
    1992  195.01   13.21   18.69    7.24    0.02   69.57    1.05
    1993  190.56   13.66   19.13    7.64    0.02   73.09    1.03
    1994  194.88   13.70   18.91    7.66    0.02   70.06    1.06
    1995  196.71   13.65   18.82    7.60    0.02   70.68    1.07
    1996   191.0   13.82   19.05    7.81    0.02   71.52    1.06
    1997   191.0   12.95   18.01    7.11    0.02   72.36    1.05
    1998  192.82   13.87   19.10    7.88    0.02   73.03    1.04
    1999  200.15   14.27   19.57    8.33    0.02   68.98    1.08
    2000  190.45   14.04   19.32    8.19    0.02   73.96    1.03
    2001  195.22   14.26   19.63    8.43    0.02    72.6    1.05
    2002  193.15   14.34   19.68    8.35    0.02   71.98    1.05
    2003  199.35   14.03   19.53    7.96    0.02    70.2    1.06
    2004  200.35   14.34   19.90    7.96    0.02   71.33    1.06
    2005  197.53   13.91   19.16    7.86    0.01   67.82    1.09
    2006  195.84   14.48   19.57    8.68    0.02   69.64    1.07
    2007  187.78   14.25   19.63    8.16    0.02    72.1    1.04
    2008  189.88   13.97   19.24    8.07    0.02   70.87    1.06
    2009   204.8   14.62   20.01    8.53    0.02   66.57    1.12
    2010  199.15   14.74   20.16    8.63    0.02   67.93    1.09
    2011  188.94   14.18   19.42    8.37    0.02   71.85    1.05
    2012   197.4   14.05   19.16    8.28    0.02   67.48     1.1
    2013  187.56   13.80   19.05    7.92    0.02   70.69    1.04
    2014  197.15   13.78   19.12    8.12    0.02   69.05     1.1
    2015  194.48   14.00   19.16    8.28    0.02   72.02    1.07
