    1989  216.12   17.66   22.57   11.97    0.02    69.9    1.07
    1990  201.78   17.91   22.62   12.70    0.02   76.46    0.99
    1991  208.43   17.98   22.84   12.55    0.02   72.97    1.03
    1992  212.41   17.64   22.53   12.22    0.02   70.48    1.02
    1993  199.62   18.10   23.00   12.79    0.02    76.8     1.0
    1994  201.74   18.04   22.82   12.66    0.02   74.46    1.02
    1995  210.99   18.48   23.25   13.08    0.02   74.59    1.05
    1996  197.69   18.19   22.83   12.84    0.02   75.44    1.01
    1997  203.46   17.64   22.23   12.37    0.02   77.36     1.0
    1998  201.36   18.64   23.33   13.17    0.02   77.13    0.99
    1999  207.85   18.52   23.28   13.24    0.02   74.04    1.02
    2000  196.14   18.54   23.18   13.44    0.02   79.01    0.97
    2001  199.79   18.50   23.20   13.27    0.02   79.17    0.98
    2002  200.27   18.93   23.70   13.66    0.02   77.05     1.0
    2003  207.74   18.65   23.45   13.34    0.02   73.72    1.03
    2004  210.96   18.81   23.68   13.22    0.02   75.41    1.01
    2005  213.31   18.46   23.11   12.97    0.01   70.54    1.06
    2006  202.98   18.46   23.03   13.34    0.02   76.63    0.99
    2007  194.48   18.87   23.60   13.65    0.02   77.08    0.98
    2008  195.78   17.88   22.47   12.94    0.02   75.73    0.99
    2009   218.9   18.91   23.75   13.30    0.02   70.85    1.07
    2010  205.36   19.34   23.95   14.09    0.02   71.54    1.05
    2011  192.92   18.36   22.89   13.42    0.02    76.4    0.98
    2012  207.23   19.01   23.78   13.72    0.02   72.42    1.06
    2013  191.04   18.61   23.17   13.48    0.02   75.79    0.99
    2014  210.05   18.39   23.17   13.20    0.02   72.73    1.05
    2015  209.43   18.51   22.94   13.30    0.02   74.74    1.03
