    1989   188.9    8.28   14.11    1.76     0.0   62.99    1.12
    1990  179.09    8.95   14.90    2.39     0.0   65.16    1.13
    1991  184.07    8.64   14.52    1.83     0.0   65.69    1.09
    1992  177.61    8.79   14.85    2.26     0.0   68.66    1.08
    1993  181.45    9.19   15.23    2.46     0.0   69.37    1.06
    1994  187.98    9.33   14.97    2.63     0.0   65.62    1.09
    1995  182.36    8.80   14.37    2.10     0.0   66.74    1.09
    1996  184.31    9.45   15.27    2.79     0.0    67.6    1.11
    1997  178.47    8.23   13.77    1.83     0.0   67.34    1.09
    1998  184.23    9.08   14.84    2.57     0.0    68.9    1.08
    1999   192.4    9.99   15.84    3.38     0.0   63.88    1.13
    2000  184.76    9.53   15.47    2.94     0.0   68.92     1.1
    2001  190.62    9.99   16.03    3.55     0.0    66.0    1.13
    2002  185.99    9.72   15.64    3.01     0.0   66.88    1.11
    2003  190.91    9.38   15.58    2.54     0.0   66.66    1.09
    2004  189.74    9.88   16.12    2.70     0.0   67.26    1.11
    2005  181.66    9.35   15.19    2.72     0.0   65.08    1.11
    2006  188.67   10.48   16.08    3.99     0.0   62.61    1.15
    2007  181.05    9.60   15.63    2.63     0.0    67.1     1.1
    2008  183.97   10.07   16.01    3.21     0.0    66.0    1.13
    2009  190.61   10.31   16.24    3.74     0.0   62.26    1.16
    2010   192.9   10.11   16.36    3.15     0.0    64.3    1.13
    2011  184.94    9.96   15.92    3.29     0.0   67.28    1.13
    2012  187.56    9.10   14.53    2.83     0.0   62.54    1.15
    2013  184.06    8.97   14.90    2.33     0.0   65.57    1.09
    2014  184.19    9.14   15.06    3.01     0.0   65.34    1.15
    2015  179.44    9.45   15.36    3.23     0.0   69.28    1.11
