    1989  209.23    6.03   13.40   -1.23    0.22   58.65    1.85
    1990  201.66    6.45   14.09   -1.01    0.29   59.08    1.84
    1991  205.98    6.06   13.75   -1.56    0.21   58.63    1.83
    1992  203.02    5.99   13.62   -1.43    0.21   59.97    1.86
    1993  202.56    6.64   14.43   -0.94    0.19   59.02    1.86
    1994   207.0    6.44   13.88   -1.10    0.16   59.64    1.84
    1995  203.99    6.29   13.52   -1.35    0.29   63.37    1.79
    1996  203.31    6.84   14.48   -0.77    0.32   63.59    1.83
    1997  202.48    5.53   12.68   -1.78    0.32   62.91    1.81
    1998  202.07    6.80   14.31   -0.61    0.27   63.04    1.76
    1999  208.31    7.35   14.89   -0.15    0.22   61.14    1.86
    2000  207.27    6.66   14.33   -0.80    0.11   60.18    1.86
    2001  205.87    7.33   15.22   -0.25    0.22    59.3    1.86
    2002  204.98    6.93   14.53   -0.80    0.22   61.08    1.75
    2003  204.14    6.82   14.56   -0.83    0.26   62.34    1.79
    2004  204.65    7.06   14.83   -0.61    0.17   60.73    1.79
    2005  202.59    7.02   14.51   -0.23     0.3   61.48    1.85
    2006  205.27    7.93   15.51    0.47    0.14   58.13    1.88
    2007  200.44    7.23   15.00   -0.46    0.24   60.22    1.83
    2008  203.12    7.28   15.08   -0.11     0.1   58.31    1.84
    2009  205.27    7.81   15.75    0.36    0.24   57.97    1.97
    2010  205.44    7.48   15.54    0.01    0.15   59.88    1.84
    2011  204.83    7.14   15.08   -0.30    0.13   59.88    1.85
    2012   207.7    6.39   14.09   -1.03    0.14   58.91    1.91
    2013  201.25    6.43   14.01   -1.07    0.34   62.74    1.78
    2014   201.5    6.41   14.26   -0.69    0.27   64.31    1.76
    2015  199.49    6.53   14.48   -0.57    0.27   63.19    1.72
