    1989  222.06    4.17   10.26   -2.25    0.01   65.05    0.98
    1990   216.5    4.57   10.58   -1.72    0.01   66.45    0.96
    1991  217.26    4.31   10.33   -2.31    0.01   66.33    0.95
    1992   214.3    4.18   10.33   -2.32    0.01   67.38    0.96
    1993  212.95    4.67   10.90   -1.78    0.01   67.93    0.94
    1994  212.29    4.77   10.66   -1.78    0.01   68.35    0.93
    1995  215.57    4.76   10.62   -1.80    0.01   68.75    0.96
    1996  211.15    4.90   10.89   -1.49    0.01   67.42    0.95
    1997  214.88    3.92    9.69   -2.32    0.01   69.31    0.97
    1998  216.12    4.99   11.03   -1.33    0.01   67.08    0.99
    1999  217.91    5.38   11.36   -0.97    0.01   66.64    0.99
    2000  211.15    5.01   10.95   -1.25    0.01   69.93    0.97
    2001  218.18    5.24   11.32   -1.04    0.01   67.85    0.99
    2002  217.05    5.23   11.31   -1.16    0.01   66.17    0.99
    2003  218.96    5.02   11.19   -1.52    0.01   65.37    0.98
    2004  220.69    5.35   11.63   -1.43    0.01   66.66     1.0
    2005  214.97    5.00   10.91   -1.50    0.01   67.43    0.94
    2006  216.12    5.63   11.48   -0.56    0.01   67.02    0.98
    2007  211.28    5.39   11.54   -1.12    0.01    66.8    0.97
    2008  211.49    5.02   11.04   -1.25    0.02   67.45    0.98
    2009  222.98    5.68   11.85   -0.84    0.01   63.63    0.99
    2010  215.63    5.77   11.91   -0.79    0.01   64.13    0.99
    2011  211.22    5.18   11.12   -1.07    0.02   68.02    0.97
    2012   214.3    5.12   10.93   -1.12    0.01   66.82    0.97
    2013  211.21    4.94   10.90   -1.37    0.02   65.49    0.97
    2014  218.67    4.90   10.89   -1.28    0.01    65.0    1.01
    2015  219.52    5.11   11.11   -0.97    0.01   65.94     1.0
