    1989  242.92    9.49   15.11    3.42    0.01   75.11    0.91
    1990  239.79    9.67   15.05    3.99    0.01   77.38    0.89
    1991  238.43    9.63   15.10    3.64    0.01   76.69    0.91
    1992  237.69    9.25   14.80    3.24    0.01   76.36     0.9
    1993  232.39    9.72   15.39    3.96    0.01   78.22    0.89
    1994  226.03    9.85   15.35    3.90    0.01   78.72    0.88
    1995  238.11   10.24   15.68    4.26    0.01    78.8    0.92
    1996  226.46    9.89   15.27    4.07    0.01   78.72    0.89
    1997  238.72    9.25   14.53    3.53    0.01   79.52     0.9
    1998  232.69   10.38   15.90    4.57    0.01   78.55     0.9
    1999  235.24   10.21   15.64    4.49    0.01   77.68    0.93
    2000  228.57   10.20   15.47    4.66    0.01    80.0     0.9
    2001   233.1   10.11   15.58    4.53    0.01   79.77    0.92
    2002  232.36   10.39   15.81    4.61    0.01   78.36    0.91
    2003  232.01   10.25   15.68    4.44    0.01    78.1    0.89
    2004  236.49   10.47   16.07    4.45    0.01   79.34    0.92
    2005   234.8   10.15   15.52    4.22    0.01   77.43     0.9
    2006  233.46   10.19   15.53    4.65    0.01   78.43    0.91
    2007  224.36   10.61   16.10    4.91    0.01   79.06    0.92
    2008  225.26    9.62   14.94    4.28    0.02   79.24    0.88
    2009   247.5   10.58   16.21    4.49    0.01    74.0    0.93
    2010  226.26   11.03   16.31    5.22    0.01   75.72    0.92
    2011  224.57   10.07   15.29    4.66    0.02   79.38    0.88
    2012  232.13   10.75   16.20    4.94    0.01   77.81     0.9
    2013  221.84   10.34   15.54    4.68    0.02   78.97    0.87
    2014  237.98   10.13   15.62    4.49    0.01   76.91    0.93
    2015  240.77   10.27   15.46    4.59    0.01   76.72    0.91
