    1989  201.09   -1.19    5.39   -7.96     0.0   54.94    1.04
    1990  193.08   -0.56    6.10   -7.46     0.0   55.45    1.03
    1991  195.97   -1.03    5.52   -8.29     0.0   55.92    0.99
    1992  190.92   -0.88    5.86   -7.89     0.0    58.4    1.03
    1993   193.4   -0.41    6.38   -7.56     0.0   57.59     1.0
    1994  198.47   -0.35    5.94   -7.50     0.0   57.93    0.99
    1995   192.9   -0.75    5.54   -7.89     0.0   58.65     1.0
    1996  195.83   -0.08    6.52   -7.06     0.0   56.11    1.02
    1997   190.9   -1.45    4.83   -8.21     0.0   59.04    1.04
    1998  199.46   -0.42    6.13   -7.26     0.0   55.54    1.07
    1999  200.48    0.52    7.05   -6.46     0.0   55.54    1.05
    2000  193.73   -0.18    6.43   -7.16     0.0   59.86    1.05
    2001  203.19    0.36    7.04   -6.63     0.0   55.86    1.06
    2002  201.66    0.05    6.79   -6.96     0.0   53.93    1.07
    2003  205.84   -0.23    6.68   -7.50     0.0   52.56    1.07
    2004   204.9    0.23    7.19   -7.31     0.0   53.99    1.08
    2005  195.03   -0.19    6.28   -7.26     0.0   57.37    0.99
    2006  198.68    1.05    7.41   -5.80     0.0   55.56    1.06
    2007  198.12    0.14    6.96   -7.19     0.0   54.48    1.01
    2008  197.72    0.42    7.14   -6.78     0.0   55.65    1.07
    2009  198.34    0.74    7.47   -6.20     0.0    53.2    1.05
    2010  204.94    0.48    7.48   -6.84     0.0   52.48    1.07
    2011  197.79    0.27    6.93   -6.83     0.0   56.59    1.05
    2012  196.47   -0.50    5.67   -7.17     0.0   55.83    1.05
    2013  200.53   -0.48    6.24   -7.46     0.0   51.94    1.07
    2014  199.25   -0.36    6.13   -7.07     0.0   53.03     1.1
    2015  198.16   -0.08    6.73   -6.57     0.0    55.1    1.09
