    1989  210.13   23.05   29.36   17.09    0.02   68.95    1.43
    1990  196.99   23.45   29.62   17.67    0.03   72.57    1.34
    1991  205.83   23.38   29.61   17.41    0.02    70.4    1.38
    1992  206.04   23.29   29.64   17.51    0.02   71.46    1.41
    1993  199.83   23.75   30.10   17.92    0.02    73.8    1.37
    1994  205.55   23.74   29.85   17.90    0.02   70.77    1.37
    1995  204.53   23.71   29.69   17.80    0.02   73.01    1.39
    1996  197.02   23.88   30.01   18.08    0.02   74.82    1.39
    1997   199.5   22.97   28.95   17.25    0.02   75.13    1.32
    1998  195.33   23.89   30.13   18.17    0.03   77.94    1.32
    1999  206.85   24.30   30.55   18.50    0.02   74.27    1.32
    2000  197.27   24.06   30.33   18.33    0.03   77.57    1.33
    2001  203.92   24.25   30.50   18.57    0.02   76.99    1.26
    2002  201.04   24.42   30.65   18.62    0.02   77.73    1.32
    2003  201.33   24.07   30.46   18.22    0.03   76.21    1.33
    2004  207.64   24.39   30.86   18.24    0.02   76.49    1.32
    2005  205.19   23.97   30.15   18.12    0.02   72.18    1.42
    2006  205.23   24.54   30.53   18.89    0.02   75.35    1.33
    2007  194.19   24.25   30.53   18.35    0.03   76.68    1.32
    2008  195.24   24.01   30.23   18.34    0.03   75.97     1.3
    2009  210.29   24.69   30.99   18.85    0.02   72.65    1.41
    2010  201.25   24.80   31.13   18.94    0.02    75.5    1.39
    2011  197.56   24.19   30.31   18.50    0.02   76.13    1.34
    2012  205.91   24.07   30.08   18.47    0.02   70.88    1.41
    2013  192.71   23.82   29.88   18.01    0.02    76.7    1.31
    2014  204.74   23.84   30.06   18.34    0.02   74.71    1.38
    2015  198.35   24.06   30.16   18.54    0.02    76.1    1.34
