    1989  226.91   28.14   33.68   22.69    0.02   67.33    1.51
    1990  210.89   28.29   33.57   23.21    0.03   72.41    1.37
    1991  223.27   28.44   33.81   23.10    0.02    68.9    1.44
    1992  229.08   28.19   33.61   22.95    0.02   67.46    1.46
    1993  213.33   28.63   34.01   23.44    0.02   75.01    1.42
    1994   218.2   28.49   33.79   23.34    0.02   69.73    1.42
    1995  221.54   28.97   34.23   23.75    0.02   72.03    1.47
    1996  207.81   28.72   33.92   23.58    0.02    73.2    1.47
    1997  216.38   28.12   33.26   22.96    0.02   74.66    1.37
    1998  207.33   29.12   34.51   23.99    0.03   76.76    1.41
    1999  221.49   28.97   34.33   23.81    0.02   73.87    1.31
    2000  204.29   28.99   34.24   23.97    0.03   79.02    1.35
    2001  214.55   28.89   34.15   23.83    0.02   78.81    1.24
    2002  214.87   29.43   34.74   24.33    0.02   78.09    1.36
    2003  215.24   29.13   34.48   24.02    0.03   74.02    1.41
    2004  226.07   29.30   34.75   23.92    0.02   75.85    1.36
    2005  225.91   28.93   34.17   23.69    0.02   68.34    1.52
    2006  217.59   28.94   34.06   23.94    0.02   77.33    1.33
    2007  207.96   29.32   34.61   24.26    0.03   76.03    1.36
    2008   204.8   28.32   33.48   23.52    0.03   76.65    1.32
    2009  229.53   29.42   34.85   24.12    0.02   70.07    1.48
    2010   212.8   29.87   35.02   24.81    0.02    73.9    1.48
    2011  206.96   28.79   33.82   23.87    0.02   76.11    1.37
    2012  220.98   29.47   34.78   24.36    0.02   69.13     1.5
    2013  202.74   29.04   34.07   23.98    0.02   74.91    1.37
    2014   227.5   28.90   34.15   23.84    0.02   70.38    1.46
    2015  219.88   28.97   33.99   23.97    0.02   72.71     1.4
