    1989  193.26   17.93   25.01   11.46     0.0   70.58    1.35
    1990  183.01   18.58   25.65   12.09     0.0   72.72    1.31
    1991   188.3   18.28   25.39   11.68     0.0   71.91    1.32
    1992  183.01   18.39   25.67   12.08     0.0   75.46    1.36
    1993  186.26   18.85   26.17   12.37     0.0   72.59    1.32
    1994  192.83   18.96   25.89   12.44     0.0   71.82    1.32
    1995  187.42   18.41   25.12   11.82     0.0   74.01     1.3
    1996  186.23   19.03   26.10   12.58     0.0   76.44    1.32
    1997  182.54   17.80   24.60   11.51     0.0   75.61    1.28
    1998  183.27   18.64   25.73   12.32     0.0   79.14    1.23
    1999  192.14   19.60   26.74   13.15     0.0   74.68    1.32
    2000  190.24   19.13   26.41   12.69     0.0   76.13    1.31
    2001  193.22   19.59   26.84   13.29     0.0   75.16    1.29
    2002  187.15   19.38   26.55   12.89     0.0   77.36    1.28
    2003  187.34   18.98   26.42   12.40     0.0    78.4    1.26
    2004  189.21   19.47   26.97   12.56     0.0   77.13    1.27
    2005  184.35   18.98   26.10   12.53     0.0   76.04    1.32
    2006  192.82   20.11   26.99   13.81     0.0   73.36    1.32
    2007  180.34   19.16   26.42   12.40     0.0   77.33    1.29
    2008  185.69   19.70   26.97   13.15     0.0   75.28    1.28
    2009  190.94   19.92   27.11   13.55     0.0   75.24    1.34
    2010  189.64   19.71   27.22   13.04     0.0    77.1    1.29
    2011  188.11   19.56   26.78   13.09     0.0   76.15     1.3
    2012  190.84   18.68   25.37   12.57     0.0   72.63    1.33
    2013  182.62   18.56   25.67   12.00     0.0    78.5    1.26
    2014  181.87   18.74   25.95   12.82     0.0   79.07    1.29
    2015   176.7   19.12   26.32   13.07     0.0    79.5    1.28
